
Processing fit.c...
1. Start calculating phase space
 **********
 **    1 **SET ERR           1
 **********
 PARAMETER DEFINITIONS:
    NO.   NAME         VALUE      STEP SIZE      LIMITS
     1 mr           2.22130e+00  1.00000e-03    2.00000e+00  2.40000e+00
     2 wr           5.04612e-02  1.00000e-04    5.00000e-03  5.00000e-01
     3 phi          2.32921e+00  1.00000e-04    2.00000e+00  2.50000e+00
     4 brc          8.61643e-02  1.00000e-04    1.00000e-02  1.00000e+00
     5 c            1.90508e+04  1.00000e-02    0.00000e+00  1.00000e+05
     6 b           -5.36684e+00  1.00000e-03   -1.00000e+02  0.00000e+00
 **********
 **    2 **MIGRAD        1000       0.001
 **********
 FIRST CALL TO USER FUNCTION AT NEW START POINT, WITH IFLAG=4.
 START MIGRAD MINIMIZATION.  STRATEGY  1.  CONVERGENCE WHEN EDM .LT. 1.00e-06
 FCN=16.9048 FROM MIGRAD    STATUS=INITIATE       40 CALLS          41 TOTAL
                     EDM= unknown      STRATEGY= 1      NO ERROR MATRIX       
  EXT PARAMETER               CURRENT GUESS       STEP         FIRST   
  NO.   NAME      VALUE            ERROR          SIZE      DERIVATIVE 
   1  mr           2.22103e+00   1.00000e-03  -1.37908e-03   2.39067e-03
   2  wr           5.04612e-02   1.00000e-04   0.00000e+00   4.69387e+00
   3  phi          2.32921e+00   1.00000e-04   0.00000e+00   8.70592e-01
   4  brc          8.61643e-02   1.00000e-04   0.00000e+00   3.75570e+00
   5  c            1.90508e+04   1.00000e-02   0.00000e+00  -3.40451e+01
   6  b           -5.36684e+00   1.00000e-03   0.00000e+00  -6.54390e+02
 MIGRAD MINIMIZATION HAS CONVERGED.
 FCN=16.2497 FROM MIGRAD    STATUS=CONVERGED     246 CALLS         247 TOTAL
                     EDM=4.20819e-09    STRATEGY= 1  ERROR MATRIX UNCERTAINTY   3.7 per cent
  EXT PARAMETER                                   STEP         FIRST   
  NO.   NAME      VALUE            ERROR          SIZE      DERIVATIVE 
   1  mr           2.21678e+00   1.33620e-02   1.24409e-05   1.12904e-03
   2  wr           5.69036e-02   3.72986e-02   2.61010e-05  -4.46695e-04
   3  phi          2.15072e+00   2.93034e-01   3.27646e-04  -2.55171e-05
   4  brc          8.79830e-02   3.37519e-02   5.89496e-06   3.95868e-04
   5  c            1.79790e+04   1.99343e+03  -1.52657e-06  -5.84373e-03
   6  b           -5.30545e+00   1.19197e-01   1.17471e-07  -5.00143e-02
 EXTERNAL ERROR MATRIX.    NDIM=  25    NPAR=  6    ERR DEF=1
  1.788e-04 -3.469e-04  5.064e-03 -1.839e-05  4.448e+00 -5.464e-05 
 -3.469e-04  1.420e-03 -9.867e-03  1.997e-04 -3.113e+01  1.356e-03 
  5.064e-03 -9.867e-03  1.897e-01 -1.642e-05  4.041e+01  5.094e-03 
 -1.839e-05  1.997e-04 -1.642e-05  1.145e-03 -3.770e+01  2.121e-03 
  4.448e+00 -3.113e+01  4.041e+01 -3.770e+01  3.977e+06 -2.332e+02 
 -5.464e-05  1.356e-03  5.094e-03  2.121e-03 -2.332e+02  1.421e-02 
 PARAMETER  CORRELATION COEFFICIENTS  
       NO.  GLOBAL      1      2      3      4      5      6
        1  0.89475   1.000 -0.688  0.870 -0.041  0.167 -0.034
        2  0.77304  -0.688  1.000 -0.601  0.157 -0.414  0.302
        3  0.89897   0.870 -0.601  1.000 -0.001  0.047  0.098
        4  0.60897  -0.041  0.157 -0.001  1.000 -0.559  0.526
        5  0.99308   0.167 -0.414  0.047 -0.559  1.000 -0.981
        6  0.99247  -0.034  0.302  0.098  0.526 -0.981  1.000
 **********
 **    3 **HESSE        1000       0.001
 **********
 COVARIANCE MATRIX CALCULATED SUCCESSFULLY
 FCN=16.2497 FROM HESSE     STATUS=OK             42 CALLS         289 TOTAL
                     EDM=7.05826e-09    STRATEGY= 1      ERROR MATRIX ACCURATE 
  EXT PARAMETER                                INTERNAL      INTERNAL  
  NO.   NAME      VALUE            ERROR       STEP SIZE       VALUE   
   1  mr           2.21678e+00   1.33727e-02   6.08525e-05   8.40207e-02
   2  wr           5.69036e-02   3.78356e-02   3.20426e-04  -9.11279e-01
   3  phi          2.15072e+00   2.92430e-01   1.69456e-03  -4.08376e-01
   4  brc          8.79830e-02   3.39523e-02   2.04791e-04  -1.00183e+00
   5  c            1.79790e+04   2.05467e+03   1.23957e-05  -6.95046e-01
   6  b           -5.30545e+00   1.23454e-01   1.33820e-06   1.10595e+00
 EXTERNAL ERROR MATRIX.    NDIM=  25    NPAR=  6    ERR DEF=1
  1.791e-04 -3.480e-04  5.091e-03 -2.047e-05  5.200e+00 -9.968e-05 
 -3.480e-04  1.462e-03 -9.930e-03  2.188e-04 -3.629e+01  1.684e-03 
  5.091e-03 -9.930e-03  1.911e-01  6.900e-05  5.583e+01  4.200e-03 
 -2.047e-05  2.188e-04  6.900e-05  1.159e-03 -3.801e+01  2.134e-03 
  5.200e+00 -3.629e+01  5.583e+01 -3.801e+01  4.226e+06 -2.492e+02 
 -9.968e-05  1.684e-03  4.200e-03  2.134e-03 -2.492e+02  1.524e-02 
 PARAMETER  CORRELATION COEFFICIENTS  
       NO.  GLOBAL      1      2      3      4      5      6
        1  0.89444   1.000 -0.680  0.870 -0.045  0.189 -0.060
        2  0.77925  -0.680  1.000 -0.594  0.168 -0.462  0.357
        3  0.89873   0.870 -0.594  1.000  0.005  0.062  0.078
        4  0.61175  -0.045  0.168  0.005  1.000 -0.543  0.508
        5  0.99346   0.189 -0.462  0.062 -0.543  1.000 -0.982
        6  0.99280  -0.060  0.357  0.078  0.508 -0.982  1.000
 **********
 **    4 **MINOS        1000       0.001
 **********
 MINUIT WARNING IN MIGRAD  
 ============== VARIABLE3 IS AT ITS LOWER ALLOWED LIMIT.
 MINUIT WARNING IN MIGRAD  
 ============== Negative diagonal element 1 in Error Matrix
 MINUIT WARNING IN MIGRAD  
 ============== Negative diagonal element 3 in Error Matrix
 MINUIT WARNING IN MIGRAD  
 ============== 1.01527 added to diagonal of error matrix
    THE NEGATIVE MINOS ERROR OF PARAMETER   2, wr      EXCEEDS ITS LIMIT.
 MINUIT WARNING IN MIGRAD  
 ============== VARIABLE2 IS AT ITS LOWER ALLOWED LIMIT.
    THE POSITIVE MINOS ERROR OF PARAMETER   3, phi     EXCEEDS ITS LIMIT.
    THE NEGATIVE MINOS ERROR OF PARAMETER   3, phi     EXCEEDS ITS LIMIT.
 MINUIT WARNING IN MIGRAD  
 ============== VARIABLE3 IS AT ITS LOWER ALLOWED LIMIT.
 FCN=16.2497 FROM MINOS     STATUS=PROBLEMS     2032 CALLS        2321 TOTAL
                     EDM=7.05826e-09    STRATEGY= 1      ERROR MATRIX ACCURATE 
  EXT PARAMETER                  PARABOLIC         MINOS ERRORS        
  NO.   NAME      VALUE            ERROR      NEGATIVE      POSITIVE   
   1  mr           2.21678e+00   1.33727e-02  -1.29143e-02   1.00050e-02
   2  wr           5.69036e-02   3.78356e-02   at limit      3.69013e-02
   3  phi          2.15072e+00   2.92430e-01   at limit      at limit   
   4  brc          8.79830e-02   3.39523e-02  -3.06937e-02   4.02122e-02
   5  c            1.79790e+04   2.05467e+03  -1.99336e+03   2.09548e+03
   6  b           -5.30545e+00   1.23454e-01  -1.20657e-01   1.24991e-01
 FCN=16.2497 FROM MINOS     STATUS=PROBLEMS     2032 CALLS        2321 TOTAL
                     EDM=7.05826e-09    STRATEGY= 1      ERROR MATRIX ACCURATE 
result_best_chisq: 16.2497
(int)0
